image: rtab_map.pgm
resolution: 0.050000
origin: [-13.822378, -9.751678, 0.000000]
negate: 0
occupied_thresh: 0.65
free_thresh: 0.196

